1000
166 363
447 166
166 445
365 445
365 769
166 638
36 166
445 516
36 571
363 905
767 447
571 799
36 731
516 980
43 767
571 604
481 799
540 36
769 724
410 769
969 724
933 166
175 969
638 563
500 540
982 516
825 166
980 886
965 905
211 410
744 980
933 311
286 799
391 540
642 767
403 481
977 311
500 754
365 475
413 166
553 311
81 744
175 221
974 481
642 157
103 553
729 403
608 365
363 874
482 311
342 980
36 866
886 961
630 905
604 317
799 71
933 854
410 784
982 106
495 825
495 13
145 482
366 630
110 221
465 311
560 106
744 819
642 824
311 473
744 833
865 482
754 802
106 485
630 190
825 23
864 465
694 974
749 630
359 864
854 250
453 403
221 279
317 514
106 559
577 190
729 179
190 1
961 665
823 802
302 453
145 209
632 342
473 821
865 900
871 23
605 819
209 504
833 966
559 180
802 259
666 23
473 590
861 71
966 25
694 567
196 495
577 441
618 864
116 560
989 250
819 408
465 952
821 941
900 805
865 678
124 473
209 885
205 885
514 326
870 749
618 356
632 828
504 237
559 64
878 577
25 344
46 678
618 541
417 302
828 492
181 196
823 40
844 209
209 787
179 29
425 25
302 659
282 567
436 29
444 787
210 124
267 282
283 821
348 605
278 282
524 259
902 885
417 331
46 910
385 64
633 25
575 425
135 861
633 213
567 498
278 714
348 897
989 248
213 684
127 989
348 564
993 385
735 127
844 623
385 592
64 316
288 29
254 714
627 735
88 897
282 229
220 436
524 80
278 130
150 267
910 672
55 672
425 949
627 558
639 844
310 897
68 714
283 201
158 267
150 852
254 275
201 889
838 564
296 316
949 74
310 686
296 935
672 374
201 457
557 910
305 158
213 991
457 138
362 201
949 720
775 275
158 243
803 220
938 150
677 639
296 96
720 159
201 890
37 158
890 660
840 890
398 362
592 610
460 159
488 949
316 986
85 610
424 460
840 680
677 339
488 634
92 310
639 853
849 672
544 305
74 192
596 305
192 930
544 955
776 935
889 896
579 362
243 21
227 339
374 531
362 57
149 686
535 579
544 812
383 634
775 994
634 426
398 427
994 581
860 96
339 232
339 328
840 489
812 759
328 508
973 776
227 970
240 660
648 776
759 939
774 544
634 455
840 647
455 258
776 281
361 939
826 455
383 164
489 446
568 488
383 622
496 955
973 947
853 515
489 156
976 544
851 508
826 628
774 35
3 947
683 568
285 35
860 309
188 581
928 164
515 472
218 35
947 268
263 531
812 620
149 967
337 328
218 399
648 670
471 647
472 171
399 876
330 620
620 27
947 546
218 63
712 489
505 218
95 670
396 712
28 27
683 750
63 877
388 712
851 284
629 171
750 644
27 856
539 218
718 928
856 187
3 915
768 446
631 947
768 234
218 137
877 721
111 63
184 471
631 857
644 245
615 388
176 3
718 367
63 697
777 670
132 505
505 405
423 337
462 768
556 171
184 82
376 111
111 599
187 992
631 474
615 704
780 284
347 721
82 118
347 41
732 546
401 631
388 487
401 140
185 732
869 245
797 405
423 264
629 679
547 264
629 606
404 176
253 856
780 741
777 674
509 401
111 529
11 264
631 583
857 696
184 855
669 556
448 721
606 600
112 132
141 704
358 599
401 705
448 782
293 669
270 782
583 484
779 293
783 529
376 397
674 65
752 358
304 783
358 146
169 600
264 31
588 358
696 512
863 264
613 679
443 487
360 783
448 693
847 448
76 401
372 669
113 76
293 280
230 140
448 287
696 319
855 918
795 674
404 808
280 177
62 752
509 650
76 174
287 842
79 169
705 260
583 251
918 115
783 355
355 913
386 287
723 847
699 141
883 512
779 463
340 779
108 304
319 727
174 206
169 442
758 443
101 758
752 603
950 115
136 287
443 614
177 837
533 847
919 101
693 249
614 978
206 242
846 650
785 287
115 469
901 360
654 650
314 469
76 207
372 349
419 136
354 614
758 667
162 533
314 706
77 242
207 393
709 919
758 430
937 614
349 832
909 354
565 667
249 932
699 717
314 428
846 97
859 932
706 194
960 101
84 937
77 129
662 758
90 463
108 497
340 738
15 937
261 430
978 945
533 45
459 419
709 753
743 249
58 738
789 354
532 84
121 162
706 414
662 320
142 743
909 619
59 667
320 182
352 142
937 406
667 152
478 717
661 789
641 121
419 154
940 428
152 778
53 960
506 320
932 713
320 306
617 960
381 832
743 807
995 15
224 182
306 804
225 45
90 155
59 202
154 440
872 662
770 414
306 585
530 995
713 946
327 617
411 770
409 261
370 261
554 940
872 75
996 154
182 412
418 946
411 624
152 817
198 778
640 414
882 995
152 299
197 75
289 306
845 418
418 91
770 675
640 86
370 756
395 995
440 879
10 299
536 530
770 292
233 299
946 219
273 411
872 204
772 289
772 231
676 198
411 4
757 872
685 418
879 389
224 542
574 224
409 671
640 371
957 536
817 511
585 373
800 273
60 817
507 418
736 845
676 598
338 817
511 324
382 817
574 24
357 676
431 338
395 829
24 545
389 490
215 357
197 19
663 536
511 321
818 373
2 19
7 957
204 493
432 10
60 73
536 392
24 394
119 800
216 7
215 839
303 338
493 255
637 338
255 522
702 522
984 829
315 663
19 18
584 432
801 663
315 454
467 373
800 997
934 24
690 702
957 589
764 934
315 38
382 160
223 829
513 663
690 67
334 818
334 687
998 687
93 818
740 93
439 997
884 303
663 691
719 818
626 93
997 117
451 997
848 439
690 695
269 315
747 589
223 745
56 394
570 719
143 454
303 761
315 908
626 1000
117 548
891 934
891 120
351 223
476 513
561 691
271 691
884 841
740 193
454 191
144 67
656 761
690 42
586 908
252 841
172 269
762 223
486 223
147 271
295 747
191 375
42 217
191 742
658 271
891 936
887 117
858 172
652 719
107 761
691 277
791 561
400 193
707 936
1000 52
128 936
656 836
962 848
380 742
52 318
576 56
810 42
464 318
664 56
276 143
172 917
762 597
167 707
942 277
464 94
962 256
707 914
247 841
893 256
277 44
44 763
762 903
576 621
576 755
762 78
813 586
168 755
903 274
917 368
586 236
276 790
658 748
926 763
274 109
862 256
698 576
52 786
107 477
786 461
786 781
813 948
893 345
502 107
943 664
917 988
8 109
755 655
256 591
518 44
597 325
649 167
701 763
682 755
78 526
350 325
990 655
755 716
274 422
682 6
368 835
345 607
597 924
711 518
402 518
607 163
914 538
369 893
461 30
834 78
907 621
6 916
943 72
350 407
538 815
948 22
698 226
238 649
502 503
920 649
611 990
87 72
369 880
109 66
798 880
163 98
985 907
298 711
87 523
700 990
226 964
655 751
964 794
325 681
165 238
892 794
927 238
416 98
766 880
22 429
241 523
653 165
369 875
880 793
402 415
834 816
850 907
751 212
189 22
16 751
552 415
151 985
850 200
880 867
87 963
875 49
987 794
5 985
114 212
343 867
868 963
148 892
681 796
609 189
616 226
572 880
212 244
875 126
566 816
49 806
912 681
987 635
959 987
794 931
416 466
165 958
578 681
99 867
773 415
491 635
595 49
773 956
214 892
635 999
151 843
875 708
809 773
212 625
189 335
148 364
551 931
578 434
850 139
49 449
151 929
16 133
867 601
114 125
566 322
99 820
449 170
114 308
868 100
491 528
244 971
609 527
449 788
364 737
322 827
161 343
9 616
843 981
566 228
572 265
873 773
527 562
133 968
788 831
387 161
635 979
904 708
827 898
898 291
537 528
170 89
528 54
827 921
517 562
341 125
981 433
100 668
537 688
519 921
904 297
894 551
517 760
551 312
968 332
450 519
54 17
133 728
235 265
161 131
9 646
673 898
222 291
601 534
161 102
332 336
881 433
20 760
437 831
297 594
161 525
968 550
722 102
435 788
580 979
517 105
470 517
312 636
195 979
341 587
332 543
222 346
703 20
822 760
222 438
235 48
771 48
580 421
450 692
32 89
313 636
307 235
646 33
420 594
480 346
17 208
580 178
222 972
17 456
313 643
301 420
689 208
199 643
811 435
102 730
262 195
888 722
50 33
102 203
726 888
739 689
975 525
722 329
922 881
975 765
294 550
437 555
501 105
726 911
420 290
70 435
925 739
715 722
715 183
48 951
34 178
329 510
307 651
733 543
458 911
300 290
34 122
379 456
14 972
715 645
26 911
657 183
765 573
246 951
494 246
479 294
814 765
173 494
925 953
689 378
178 153
710 888
830 262
510 51
290 895
47 895
123 811
468 122
555 725
510 906
951 923
593 715
134 468
765 377
521 911
602 555
651 746
906 257
521 266
499 895
715 104
69 895
954 710
239 895
246 612
266 323
39 123
353 323
51 483
582 593
51 569
384 494
452 746
602 734
173 899
549 378
944 494
104 83
923 983
61 494
494 12
906 390
792 266
272 814
520 814
333 39
186 47
1000
803 942
750 11
335 549
279 410
1 475
228 324
938 878
959 782
806 753
327 291
292 842
549 585
602 827
614 132
454 146
497 965
392 373
789 462
972 39
485 104
746 440
184 686
94 847
716 680
842 343
981 999
592 958
800 695
417 414
254 682
316 249
374 588
238 10
50 818
573 955
851 475
797 615
326 49
192 435
814 261
101 193
151 910
415 436
793 798
712 441
48 984
706 510
681 791
309 951
637 87
587 675
939 106
826 319
874 725
818 859
176 584
580 640
164 944
98 583
553 696
326 604
538 775
467 209
129 177
920 493
761 731
332 136
602 744
640 343
719 726
115 959
169 621
155 530
732 531
168 253
738 557
111 194
909 504
759 955
919 999
829 640
322 137
520 276
696 583
375 127
758 645
417 968
337 226
736 182
785 798
819 921
932 735
190 273
272 55
134 882
821 860
940 549
41 670
408 679
758 981
765 946
974 174
195 989
97 791
443 880
752 502
497 32
290 297
38 882
312 150
840 621
52 188
960 576
149 568
619 724
290 443
670 223
493 114
982 73
684 356
391 517
72 757
236 754
33 975
551 283
714 313
758 277
881 518
179 506
974 113
967 768
362 514
956 681
521 687
67 342
118 835
935 133
10 336
101 205
155 831
780 265
298 124
406 605
929 616
586 205
45 485
737 869
423 261
664 977
27 409
95 589
458 854
283 874
693 315
821 367
432 500
824 586
654 961
725 549
745 733
472 216
656 266
163 215
175 200
315 119
577 306
590 639
116 337
702 548
762 33
629 309
802 574
273 61
44 385
413 74
244 979
879 880
407 666
532 922
285 296
317 684
554 327
314 117
92 384
657 529
114 906
522 355
608 501
86 824
570 136
866 389
944 830
397 446
922 614
918 488
743 919
446 600
880 342
618 117
846 28
219 96
223 57
749 331
797 467
868 616
185 973
306 920
483 949
366 976
932 396
314 292
741 768
29 504
541 887
595 658
666 782
665 443
665 484
127 149
521 193
515 553
258 783
740 573
1 591
755 719
551 609
785 978
374 953
751 161
901 942
710 132
370 978
912 715
866 404
766 794
681 125
302 11
765 156
696 324
943 102
207 948
148 316
306 846
162 372
195 433
649 629
751 598
39 484
739 718
394 377
741 938
27 313
163 661
685 84
319 493
225 729
390 462
511 122
110 7
646 54
47 716
293 834
766 223
275 283
643 985
174 177
170 567
693 457
89 961
40 540
813 801
753 188
783 230
373 741
319 535
433 986
985 317
922 258
477 573
250 106
870 284
256 415
858 14
794 759
968 338
37 15
379 392
480 630
837 738
577 866
353 821
203 613
836 721
475 453
712 356
232 412
438 291
971 71
701 444
486 570
911 577
826 288
712 906
496 649
436 386
114 216
891 139
164 597
613 951
340 878
587 731
171 376
755 881
414 672
692 707
436 154
776 793
340 663
111 6
982 823
23 764
602 53
698 319
630 439
59 400
743 444
140 165
264 264
723 437
8 892
400 825
36 964
696 355
468 173
748 434
97 503
486 700
409 903
711 366
114 415
56 106
399 334
787 133
846 427
774 1
39 617
391 939
426 609
911 451
600 274
282 533
981 321
803 439
426 972
829 152
168 721
252 145
615 718
844 202
862 23
629 619
188 657
715 28
397 722
722 167
948 334
936 623
132 950
498 657
81 290
491 295
330 707
978 944
542 303
885 644
745 410
718 967
892 148
460 923
803 927
506 416
550 874
338 598
454 429
978 530
932 885
101 305
322 68
144 241
640 766
684 159
832 856
950 941
521 684
576 772
109 554
970 563
742 354
259 604
160 955
222 671
37 671
894 179
660 328
130 248
26 371
543 577
903 627
973 493
32 402
541 768
49 183
13 406
54 207
978 193
723 578
405 847
478 321
157 29
994 701
643 406
229 206
983 463
781 556
807 241
568 277
114 552
973 7
189 665
412 685
237 249
168 877
197 259
766 1
699 785
502 260
807 848
739 720
848 159
726 947
6 285
851 303
660 71
36 340
870 255
711 539
195 73
223 473
134 153
892 760
973 825
541 448
629 717
898 661
490 452
112 500
956 102
555 234
40 702
825 397
730 282
449 751
53 705
547 947
362 843
405 879
894 876
526 925
238 903
204 664
844 583
44 994
741 280
832 167
486 190
907 269
604 61
344 381
752 720
682 583
844 175
869 750
557 101
754 802
688 720
93 223
797 312
894 771
218 289
154 854
317 936
187 266
289 848
311 658
257 680
372 162
328 6
773 13
400 396
113 137
13 762
547 635
69 791
452 972
334 275
353 966
568 429
436 609
35 495
527 604
464 719
674 436
854 162
891 659
363 589
774 108
79 482
924 681
132 478
186 54
762 457
613 500
101 682
615 45
543 773
251 128
313 569
617 862
300 476
817 55
162 116
920 668
577 101
165 349
294 401
368 359
626 64
196 409
624 922
842 743
734 206
259 506
732 900
33 116
91 369
677 211
756 495
731 979
712 259
648 875
606 623
8 647
218 320
182 878
645 3
791 597
856 136
421 948
213 53
193 980
860 937
599 773
115 975
397 181
159 972
740 536
241 291
626 207
171 653
374 245
358 395
71 101
434 776
124 270
409 925
95 904
799 603
930 881
208 895
464 113
940 817
884 615
269 362
625 922
529 889
343 819
133 415
441 707
774 378
3 746
221 55
745 304
915 727
76 697
398 111
151 612
221 254
879 196
460 855
841 10
643 26
314 238
676 324
284 972
466 730
105 859
802 377
104 53
599 51
38 362
478 444
628 841
931 401
653 706
87 476
739 464
805 602
801 513
919 337
830 109
808 980
844 381
715 808
90 539
189 204
458 921
640 594
342 370
558 1
648 778
172 940
459 341
167 105
141 273
83 942
45 800
46 980
364 373
702 491
602 838
616 253
915 22
306 691
989 783
282 52
764 165
458 260
775 418
913 712
583 629
665 500
960 339
240 255
193 971
582 459
126 418
965 78
155 787
593 527
548 633
924 688
140 563
513 31
650 503
517 704
963 143
76 207
19 50
782 400
721 673
744 506
854 101
287 466
889 173
637 801
840 777
711 413
140 644
476 238
259 314
141 544
603 753
556 583
238 919
124 912
495 59
381 370
964 308
32 150
652 450
865 544
730 168
917 637
616 774
882 833
856 63
312 195
795 924
853 766
735 265
438 744
852 701
917 823
266 560
443 646
135 660
738 891
574 586
80 617
375 278
210 143
761 975
651 333
541 154
938 929
653 780
274 228
240 444
99 228
236 269
370 380
337 876
633 883
359 862
79 736
390 916
758 689
636 11
288 188
30 837
861 659
235 685
850 217
909 487
210 838
940 90
151 24
676 102
839 439
407 336
401 909
68 54
233 567
939 820
519 551
908 610
972 404
893 534
794 882
876 906
625 106
775 952
870 932
384 630
7 285
576 757
198 467
69 673
506 4
17 882
372 602
178 829
374 461
317 121
689 717
17 84
668 85
447 561
484 262
434 555
436 599
613 266
322 48
573 916
288 360
742 65
618 76
904 622
873 792
63 943
828 429
811 641
158 863
255 652
150 955
423 53
549 720
297 858
196 547
486 310
718 895
495 634
999 126
879 220
511 717
182 219
959 296
81 38
500 207
919 696
312 968
736 853
785 904
443 831
715 307
811 909
18 303
733 270
480 473
12 628
889 585
459 503
535 665
11 77
854 63
406 703
37 239
810 810
484 146
736 171
302 453
44 511
877 979
591 558
301 988
241 18
479 499
47 653
513 579
295 240
569 232
631 174
459 539
738 65
392 327
705 891
134 742
790 343
135 451
891 991
946 803
587 851
376 802
8 758
522 45
834 117
932 701
435 85
319 907
318 397
409 547
346 365
463 228
128 264
836 822
380 470
322 613
968 22
189 506
650 288
929 303
170 562
505 404
431 697
322 794
971 910
412 303
962 405
45 734
549 886
496 272
971 253
964 440
939 799
449 721
504 551
683 915
771 304
17 799
399 750
12 119
280 654
881 478
369 824
713 888
420 668
696 62
149 383
351 858
741 450
710 787
137 816
125 711
356 199
906 541
603 895
668 55
360 715
735 679
196 337
6 199
422 201
57 946
981 409
572 539
66 210
156 374
506 768
424 510
203 696
784 782
985 565
903 203
279 712
143 505
363 193
845 116
957 585
814 924
659 948
321 852
293 786
626 957
807 579
583 316
798 812
693 161
804 913
792 606
825 293
238 216
859 932
340 838
26 325
179 463
945 702
11 926
808 68
91 221
330 869
508 955
698 616
235 398
424 662
226 580
846 341
466 458
521 302
726 645
901 536
643 763
557 166
593 532
904 444
305 262
524 726
681 158
594 637
396 431
432 728
999 484
9 335
306 280
405 217
961 617
177 886
916 186
12 231
989 454
548 574
701 658
784 43
686 836
518 938
908 778
814 776
466 409
56 757
571 718
873 241
739 967
385 705
147 213
557 88
746 511
86 851
735 29
196 580
882 811
320 856
397 693
138 455
685 206
754 295
157 218
121 665
652 991
317 192
907 461
327 67

