1000
486 751
63 486
686 63
63 654
486 389
185 63
389 541
185 300
686 423
237 63
102 300
86 389
619 237
389 263
703 654
85 86
751 529
258 751
744 85
529 491
654 627
712 686
128 712
974 85
619 936
139 744
520 300
185 955
234 128
686 987
686 522
437 703
102 811
491 415
467 744
906 389
491 57
775 619
759 139
386 522
520 199
231 541
465 627
977 541
933 541
41 686
102 660
437 70
386 975
467 367
759 533
810 974
389 451
933 875
128 94
546 237
830 975
457 830
473 987
578 712
520 323
344 234
647 660
457 788
317 977
862 57
522 93
465 330
199 492
94 356
323 951
93 420
234 931
492 831
831 181
34 139
57 495
647 131
634 231
385 181
323 960
767 41
661 457
935 975
672 451
420 382
971 131
852 862
960 111
465 319
108 111
547 546
479 977
330 362
584 34
427 473
897 546
451 259
897 700
810 688
313 831
356 681
375 259
111 556
546 162
705 971
972 93
931 755
34 720
972 580
972 509
960 469
286 862
556 255
755 769
580 187
249 547
661 281
505 951
373 108
375 431
643 547
935 272
169 373
681 354
547 782
781 960
479 894
634 963
761 767
281 49
639 769
723 755
971 989
203 49
940 354
28 769
111 26
603 49
436 162
509 113
485 580
113 280
203 991
849 187
427 450
611 940
422 963
927 431
888 203
77 249
525 162
354 337
963 504
531 504
782 321
639 574
255 146
868 28
515 354
436 895
909 436
407 782
927 51
587 77
203 944
665 963
223 28
170 169
531 593
321 496
391 895
888 191
471 639
33 603
992 894
26 171
525 101
77 620
835 471
991 216
170 116
611 194
186 531
909 771
888 7
944 269
766 593
77 523
909 848
77 743
860 186
675 191
851 496
321 622
574 962
407 606
435 504
3 665
795 33
104 593
992 414
982 116
407 845
743 67
534 848
982 305
523 316
944 64
270 51
175 771
336 496
7 929
851 177
992 493
500 620
269 224
223 210
523 919
176 7
902 33
919 527
518 305
336 322
675 682
606 341
500 605
903 493
472 523
3 724
695 523
701 194
257 622
628 493
406 903
121 224
121 456
750 523
985 435
820 701
472 733
893 860
497 518
622 376
440 929
929 623
982 754
818 497
376 425
728 336
724 678
322 837
305 698
428 678
682 74
919 242
800 837
210 225
121 706
500 561
837 568
763 472
628 632
902 204
820 708
425 227
411 497
225 774
838 322
527 320
497 68
213 74
68 455
425 396
84 623
406 331
45 754
623 741
871 428
678 143
411 297
774 948
74 560
820 651
519 818
825 143
396 302
632 61
829 143
678 718
159 623
282 718
401 829
73 428
698 247
838 552
242 950
401 335
227 753
84 296
274 552
74 183
73 404
380 825
309 706
950 967
155 967
914 143
411 12
227 21
353 61
8 45
455 267
671 21
227 566
459 829
183 241
444 274
277 73
871 315
61 310
821 73
995 455
741 812
183 828
994 241
863 967
200 21
50 812
802 200
296 368
277 735
159 583
164 8
69 296
735 114
12 352
562 812
821 765
288 69
553 459
503 380
226 967
735 395
183 729
335 855
652 368
828 483
315 516
802 579
870 855
44 200
103 553
537 994
666 395
289 863
595 802
784 44
729 287
81 671
555 395
164 979
671 978
483 148
226 160
610 288
174 226
395 685
537 149
729 58
232 979
855 746
290 978
721 50
478 802
941 583
870 345
23 941
503 676
348 503
867 348
279 746
784 709
677 941
649 553
978 817
348 233
555 311
43 44
103 167
483 554
809 595
43 416
134 666
365 516
290 663
58 722
365 47
311 945
62 945
785 287
99 43
478 884
941 577
773 554
913 81
854 23
685 379
867 886
978 938
38 478
896 978
896 151
896 153
548 886
23 796
685 585
696 290
54 663
731 151
548 881
558 345
460 809
899 709
696 956
379 586
867 461
785 572
228 709
881 125
43 657
908 677
448 586
938 711
630 134
748 884
167 421
696 833
722 137
804 151
262 785
696 917
883 917
54 248
461 947
542 572
392 796
908 969
653 137
697 630
168 653
125 973
542 846
957 773
714 248
448 602
97 137
342 899
790 586
956 693
947 468
942 881
137 786
984 908
714 79
343 693
653 934
602 443
460 9
17 125
630 400
679 947
124 137
679 303
468 350
262 158
542 551
132 551
442 714
293 908
687 158
482 846
581 934
581 358
342 814
161 679
669 9
124 166
844 714
786 107
293 190
581 326
66 293
839 293
71 66
124 793
551 506
343 388
91 984
693 932
997 107
790 626
400 340
361 9
166 475
190 807
91 4
932 65
530 388
71 292
934 138
340 334
161 599
801 669
4 30
599 732
243 91
559 732
442 823
25 350
482 840
571 361
215 361
981 997
119 326
981 970
243 90
91 271
943 475
513 970
388 477
475 803
230 475
383 626
161 355
326 836
340 757
220 271
243 841
119 284
355 201
742 836
91 864
864 822
885 477
571 480
454 757
993 91
383 952
864 683
559 324
295 840
805 25
604 530
474 599
805 298
952 48
841 694
332 30
993 251
648 822
981 182
403 182
823 87
189 981
251 419
251 387
184 387
246 454
612 943
298 117
952 684
738 117
403 655
670 48
117 173
118 670
670 966
684 882
907 952
768 952
189 949
885 635
48 557
635 426
980 184
188 387
324 301
474 629
928 557
980 920
474 937
588 182
615 907
616 648
298 813
805 378
298 299
760 616
727 184
173 745
768 806
939 184
110 173
126 118
458 670
126 1000
188 135
117 369
892 117
726 727
900 612
346 655
670 617
937 589
670 692
535 670
615 983
325 535
357 670
716 882
889 727
638 716
239 768
1000 245
966 147
924 629
691 924
426 887
188 37
126 590
892 618
745 976
570 557
662 980
662 656
588 621
650 590
458 285
338 369
35 378
937 424
983 417
299 254
325 398
726 217
110 498
621 880
265 880
245 205
691 449
338 264
430 656
192 617
458 752
633 692
776 638
24 398
285 737
462 217
968 590
325 60
590 144
535 758
398 136
11 570
329 924
843 325
123 752
329 364
196 776
737 953
776 614
329 609
364 923
614 636
758 214
621 778
843 235
449 452
539 776
633 890
308 539
217 567
968 133
569 235
120 650
98 776
749 133
636 250
880 783
417 408
664 136
783 366
923 15
539 95
824 205
462 36
364 798
777 890
827 308
798 591
640 567
872 24
308 680
136 106
953 644
470 664
758 489
294 614
144 32
539 874
408 72
235 608
256 874
36 582
446 72
15 702
36 545
569 958
842 106
439 953
1 798
333 640
857 874
954 214
538 680
6 874
799 824
526 591
59 582
549 120
549 834
250 690
876 582
834 792
197 824
667 439
2 366
250 865
439 115
545 624
446 434
446 484
876 370
481 799
954 607
918 526
777 16
16 673
294 432
799 252
872 986
592 624
549 413
866 413
16 195
613 538
16 704
2 544
432 402
564 1
6 689
730 432
713 481
799 89
918 922
857 154
787 704
19 922
154 532
910 834
384 526
961 690
52 538
861 526
780 799
180 6
127 19
381 780
127 499
910 466
384 904
689 772
910 563
413 877
910 240
715 434
202 918
624 996
532 853
904 797
10 195
154 229
713 112
915 432
996 206
816 904
998 816
109 915
195 374
381 594
172 381
850 904
904 273
180 779
490 797
543 499
877 145
756 594
55 109
713 476
360 689
229 156
19 150
715 815
904 53
100 594
901 877
631 476
869 631
377 715
207 815
853 222
360 826
631 212
314 594
266 915
859 112
381 990
996 791
856 869
212 390
360 521
521 218
273 819
856 575
212 371
244 10
850 42
512 371
575 82
901 152
46 816
46 642
859 438
374 268
528 314
371 76
815 646
351 826
198 268
946 42
637 273
819 926
152 275
266 517
253 646
508 990
646 394
275 140
674 377
163 390
637 524
528 92
351 405
405 433
31 575
514 218
42 130
926 14
165 926
517 510
990 905
819 141
926 327
31 658
412 674
268 645
990 488
198 873
152 372
390 453
642 925
528 393
575 410
142 268
412 409
641 42
964 31
412 597
92 659
514 507
359 508
27 393
573 351
20 528
488 283
536 674
926 83
122 27
930 637
764 31
511 275
253 719
275 13
327 858
405 710
5 507
925 208
658 959
925 707
409 832
157 905
707 717
930 22
625 659
208 306
921 832
699 306
39 22
347 393
261 925
719 747
328 747
764 487
18 13
736 717
536 40
209 410
5 399
573 916
363 625
764 129
88 717
122 808
88 911
717 349
999 747
211 808
501 83
18 75
598 717
209 502
699 397
219 399
789 40
157 441
56 511
847 916
5 601
891 710
576 911
464 911
105 157
747 739
494 18
278 501
596 75
999 339
878 399
762 494
668 487
260 209
770 916
598 879
328 912
789 318
540 441
221 911
550 891
600 56
898 891
565 789
441 307
794 260
307 78
596 179
540 304
988 808
794 80
278 725
312 999
445 502
447 878
276 179
236 565
193 445
429 770
291 193
193 734
463 988
898 96
502 740
494 238
29 260
565 418
178 312
965 891
1000
196 441
786 689
930 26
41 120
207 975
124 955
781 787
750 850
76 291
785 42
400 39
997 168
771 258
401 914
367 795
502 747
407 100
527 847
689 815
344 800
678 238
93 121
864 900
133 608
190 539
69 829
864 226
440 958
485 374
442 631
34 361
131 764
443 104
709 880
586 236
607 162
892 281
769 329
477 35
309 969
168 237
241 384
430 393
620 230
831 351
715 475
591 623
204 304
218 546
333 909
113 136
372 860
653 794
926 470
822 676
689 302
300 290
743 410
746 819
268 364
240 412
594 626
412 896
810 695
164 686
582 594
745 430
688 184
853 621
732 679
393 607
308 942
581 821
261 435
536 587
451 792
967 277
554 318
619 389
275 438
997 132
472 754
379 420
370 677
365 617
880 296
853 411
686 347
429 528
785 913
250 789
556 428
664 232
961 62
532 652
717 137
502 964
762 457
23 446
198 589
175 519
589 445
497 489
999 115
345 177
87 169
930 565
679 227
202 532
623 659
126 774
650 139
44 813
144 656
917 89
717 944
451 898
153 332
420 435
464 111
630 844
914 703
447 333
382 154
3 686
902 336
741 993
748 402
596 606
335 789
178 573
115 551
1 999
906 474
88 793
749 580
931 143
353 193
521 750
953 593
604 716
747 253
625 510
77 303
36 42
492 651
552 387
474 757
429 962
335 183
825 264
420 72
513 23
681 439
875 54
546 905
19 400
731 318
401 287
400 952
589 797
853 469
432 875
240 559
507 626
524 629
419 802
893 146
950 454
415 355
138 867
894 63
989 685
747 272
197 459
738 598
718 799
928 562
904 578
62 690
851 334
701 158
150 913
947 510
511 763
457 890
289 246
833 781
740 285
996 580
566 419
331 799
632 35
691 137
581 429
139 756
122 750
63 283
640 380
210 516
746 197
673 10
598 474
549 370
402 620
901 298
288 269
272 378
646 490
293 60
543 809
726 20
126 406
434 55
1 270
115 51
807 252
993 344
692 154
727 58
537 736
757 551
540 642
496 255
104 732
901 328
601 215
533 820
661 818
136 616
926 892
517 293
983 395
81 478
397 254
352 891
779 415
363 863
380 644
711 372
620 652
66 553
883 802
381 604
99 987
932 259
925 604
411 774
868 959
673 363
996 149
444 252
67 612
115 42
752 537
281 121
102 371
507 989
819 604
452 203
240 788
652 949
173 290
459 807
134 244
558 389
64 750
152 387
892 147
256 415
641 477
446 987
311 724
868 257
552 934
652 912
16 424
309 737
207 511
490 566
637 184
602 258
418 66
875 108
947 501
490 883
609 885
795 459
144 828
804 230
862 919
638 876
180 210
468 103
27 362
549 995
920 947
928 718
903 158
358 846
146 580
535 207
766 524
827 289
443 996
672 956
972 812
693 928
828 522
98 351
855 681
198 718
275 686
414 143
52 525
422 670
472 436
694 112
36 9
939 894
68 228
713 135
721 939
312 590
983 663
728 108
529 38
726 507
332 150
861 320
774 502
212 870
893 389
433 403
780 603
689 41
673 366
76 568
420 570
561 518
510 446
426 533
343 914
875 604
704 610
142 234
904 209
775 387
698 11
262 924
962 957
671 894
877 585
887 17
948 595
336 539
367 453
222 687
656 332
196 15
25 289
968 30
923 322
551 967
468 572
163 631
90 776
372 238
16 474
506 317
42 41
716 237
733 753
253 891
911 128
850 416
398 473
581 323
729 211
311 50
148 184
805 536
75 584
52 303
426 567
915 324
310 641
750 896
690 935
717 256
903 840
653 608
237 456
447 620
141 292
899 242
273 800
295 445
942 276
53 609
149 99
48 169
184 600
144 543
640 790
509 790
999 57
638 496
987 212
498 862
782 42
640 852
292 252
515 759
466 184
367 517
600 45
706 905
121 815
186 755
920 473
489 213
76 65
203 211
884 775
700 595
466 814
376 301
516 249
630 400
458 278
224 694
103 364
229 678
313 891
316 967
53 815
335 168
297 779
91 410
921 794
609 640
115 214
423 661
915 108
634 370
665 839
427 777
661 114
418 260
19 448
213 307
810 278
940 88
474 588
107 719
40 993
790 268
885 14
670 375
987 552
381 329
737 477
473 622
99 417
482 901
344 576
14 339
670 698
510 304
597 856
829 40
75 627
757 492
306 108
159 957
415 753
824 102
985 311
949 782
384 179
445 382
565 358
627 526
396 309
863 763
866 259
192 170
660 146
869 477
614 764
786 936
915 915
781 141
15 54
245 951
320 47
457 713
283 667
723 680
326 939
545 878
742 20
682 38
723 762
680 118
712 822
389 961
998 159
139 378
474 797
715 419
973 243
571 461
487 964
7 503
515 657
219 153
71 28
716 800
938 325
983 415
255 561
652 540
952 317
144 555
225 908
192 205
712 429
345 322
585 330
175 624
468 243
334 691
692 40
278 764
958 281
442 248
1000 12
813 237
809 684
176 472
696 866
22 833
259 978
766 264
107 22
359 337
512 58
251 573
57 117
558 705
942 635
581 615
603 868
276 778
778 601
445 26
768 235
226 848
613 707
122 416
58 912
448 284
67 553
81 576
452 212
894 948
496 449
134 441
463 507
461 836
99 860
764 935
604 921
194 430
954 705
469 437
177 823
608 127
891 369
592 334
591 823
646 579
715 630
296 535
327 138
209 802
879 474
595 611
807 178
887 328
772 217
651 735
690 310
870 788
742 503
418 673
570 397
232 668
737 139
212 996
287 800
575 770
141 793
21 707
839 923
428 578
17 736
855 827
16 974
473 854
819 38
675 703
525 477
497 107
11 442
420 119
951 235
945 332
195 855
664 5
760 391
734 636
386 19
902 538
605 883
416 181
720 238
114 658
895 182
262 94
682 449
300 730
264 98
180 257
449 307
314 15
285 710
220 453
723 175
216 730
415 814
433 359
101 727
921 266
100 334
70 603
814 822
396 284
341 656
230 964
809 28
843 988
614 545
820 211
895 674
745 754
79 136
297 121
689 348
462 915
974 784
642 462
740 774
26 324
283 15
269 825
46 241
878 712
259 868
1 459
103 539
331 912
515 814
112 114
75 125
601 800
608 83
516 516
755 291
941 486
447 20
577 500
86 212
589 649
563 159
596 909
166 599
436 998
310 866
521 154
437 755
795 245
648 372
118 986
132 236
235 829
154 306
276 856
170 155
950 644
198 220
420 431
895 427
483 821
96 815
919 512
477 518
69 161
746 991
240 522
832 178
398 814
885 892
508 733
967 744
467 549
552 52
888 316
169 402
324 170
158 30
728 451
678 975
597 931
844 492
406 420
975 724
352 930
183 239
792 679
326 268
390 438
396 482
180 773
810 367
458 514
130 110
591 744
189 722
358 692
698 14
577 340
441 926
643 668
530 991
312 595
360 587
173 486
664 633
84 959
793 186
3 571
532 992
789 58
539 528
332 313
105 996
273 66
683 125
415 924
656 317
663 266
662 495
793 587
740 477
72 471
901 562
801 326
817 340
221 36
715 626
977 565
433 698
514 657
10 454
996 711
666 213
993 561
348 546
278 433
88 228
464 393
600 469
253 273
499 321
377 537
244 430
969 471
129 269
881 138
491 912
975 987
435 650
328 147
124 468
20 797
236 303
879 954
516 729
619 96
299 37
169 649
584 276
862 734
168 123
148 404
291 216
211 970
721 324
541 79
742 155
357 997
659 545
764 923
595 269
975 913
709 146
815 751
288 917
915 187
461 563
352 38
20 183
651 802
936 600
535 30
298 20
613 745
541 98
107 132
460 483
869 708
258 885
440 504
810 532
401 929
986 731
206 962
412 641
566 566
204 868
855 254
345 897
395 63
686 674
764 11
630 769
415 875
373 444
667 197
249 617
640 973
197 671
118 661
517 499
264 625
488 646
202 246
778 55
10 738
20 10
385 521
385 584
357 234
280 684
304 562
45 356
1 334
387 311
943 609
77 563
146 46
928 593
89 200
392 627
26 649
73 389
778 624
860 498
244 133
887 562
325 672
613 18
685 326
215 124
489 781
660 634
813 722
131 462
20 297
224 628
417 649
925 63
264 804
167 855
547 879
676 930
338 515
431 160
521 122
525 519
312 847
978 767
829 364
403 880
467 692
286 468
884 742
523 108
673 515
1 157
107 53
330 997
181 127
274 525
986 899
669 969
898 901
506 742
132 723
675 376
466 869
2 926
112 671
675 864
763 301
699 596
688 886
511 191
885 630
421 278
538 674
532 255
829 193
203 497
222 815
460 551
86 228
959 123
866 345
194 465
278 315
766 257
281 584
708 895
59 324
941 776
111 144
40 463
881 821
107 237
413 463
56 921
93 48
314 604
484 965
261 798
991 298
813 513
523 843
273 794
518 191
775 439
132 782
810 692
160 310
47 35
161 807
120 314
628 611
326 817
716 465
865 801
468 952
758 118
12 672
11 381
906 980
718 827
813 791
989 288
152 106
262 750
982 714
960 99
787 914
83 81
415 36
629 494
847 152
379 964
823 605
988 27
319 343
982 551
241 460
732 652
490 551

